1.145204271777229277e+00
1.127721244495146546e+00
1.072739854516629121e+00
1.054414702767834777e+00
9.874291551919037735e-01
9.818561266000399579e-01
9.306670916721052622e-01
9.271801305160833895e-01
8.640188742071762684e-01
8.537237081432687003e-01
7.896905614038227661e-01
7.820498313935363432e-01
7.292029286989384351e-01
7.231367533809383019e-01
6.580253856935989187e-01
6.541235945145251751e-01
6.061988768902109026e-01
6.035277578306330604e-01
5.424962601270101326e-01
5.422013541430795724e-01
4.887343207381678045e-01
4.869653860763702435e-01
4.473583561823846200e-01
4.401267534969053874e-01
3.982714571600051712e-01
3.942213491309898288e-01
3.460539181265766540e-01
3.428019850645199207e-01
3.023100112571973086e-01
2.961802418930939984e-01
2.624132680585097854e-01
2.615807854059872817e-01
2.219935220685197441e-01
2.186480210379846689e-01
1.838754437099293926e-01
1.683366036305822822e-01
1.459628358218453548e-01
1.443016483646714365e-01
1.191986081237629558e-01
1.079458584385456776e-01
8.047479671558403769e-02
7.938491133795573529e-02
5.741497914614162451e-02
4.522591266705443952e-02
3.199431372628586123e-02
3.154654911287343294e-02
5.845062852609705754e-03
3.665724039925414950e-03
3.321480230820926093e-03
1.366389417341857876e-03
-1.609249889926464908e-02
-1.935316135027122936e-02
-4.542306569816210310e-02
-5.314481755372382765e-02
-6.448612972914810615e-02
-7.409278510228377301e-02
-9.120840368905173967e-02
-1.041177513471579219e-01
-1.218059928227757105e-01
-1.285098265221191749e-01
-1.616171460219062161e-01
-1.640938450170692786e-01
-1.946395843831864592e-01
-1.988638460729341417e-01
-2.278608803226346291e-01
-2.301242645790951002e-01
-2.621259365660284502e-01
-2.732473395471244904e-01
-2.989251261816852079e-01
-3.123048123931947972e-01
-3.422078212287405496e-01
-3.435300626152202885e-01
-3.852813514653674054e-01
-3.861079845878215844e-01
-4.194895401832161586e-01
-4.256630289529587108e-01
-4.507427384102290491e-01
-4.659173132634015779e-01
-4.991418771249601649e-01
-5.026626286369831886e-01
-5.329649741591533374e-01
-5.348785052731580558e-01
-5.636094953459949153e-01
-5.732080452851300301e-01
-5.985434205928547025e-01
-6.043904741270663683e-01
-6.202743292367067784e-01
-6.326950303981770940e-01
-6.626218436708606330e-01
-6.711894970138111427e-01
-6.941644236452161332e-01
-6.968422925807893353e-01
-7.179552106825723978e-01
-7.306705025710549251e-01
-7.483979050379930831e-01
-7.503275996886433763e-01
-7.740677756527303277e-01
-7.765897586385004381e-01
-7.983271419205070218e-01
-8.049356304709905929e-01
-8.268949245071438581e-01
-8.292231876611957375e-01
-8.455270319719740968e-01
-8.534722472105864544e-01
-8.667035646914227343e-01
-8.688879126620575599e-01
-8.870368625621544156e-01
-8.916858453045668487e-01
-9.095062112292059409e-01
-9.149512091009659454e-01
-9.384685798083480801e-01
-9.388138030153253544e-01
-9.541422288559158194e-01
-9.550435968863164593e-01
-9.705868388848747363e-01
-9.772150842863608355e-01
-9.774814491307859399e-01
-9.988280941403958613e-01
-1.011680644856973732e+00
-1.018854640419237567e+00
-1.031014670786178034e+00
-1.040108519027498790e+00
-1.057437706012571477e+00
-1.060157009321730293e+00
-1.068621177725321170e+00
-1.071390997883884255e+00
-1.090294765951675959e+00
-1.093942502230932812e+00
-1.111610694522129128e+00
-1.113072780800959505e+00
-1.128661523115137344e+00
-1.129614650086440575e+00
-1.134899207473641924e+00
-1.148232401692727223e+00
-1.154933077753369286e+00
-1.164099825692536339e+00
-1.179508899008236966e+00
-1.182071518419528067e+00
-1.190958414843983348e+00
-1.191760562032713633e+00
-1.202252338172514312e+00
-1.210165787143711924e+00
-1.220882905571501587e+00
-1.221995129816126680e+00
-1.231638935768671006e+00
-1.237513125233639100e+00
-1.241637983588225636e+00
-1.251012715737568337e+00
-1.262325170980988620e+00
-1.269573202805637457e+00
