1.082133623949536272e+00
1.081239913625775761e+00
1.038892202940150611e+00
1.034197704045624278e+00
9.965078892268910415e-01
9.875935347104050077e-01
9.461569730523350374e-01
9.360984368343370221e-01
9.221427768955865467e-01
9.088730696108771046e-01
8.672779616680560411e-01
8.639838011655176508e-01
8.189549555015160909e-01
8.052006677017518044e-01
7.676913637610471852e-01
7.669381436053193113e-01
7.318584854334072576e-01
7.294256397470807451e-01
6.970945443205911474e-01
6.792681094292793986e-01
6.626463232625874333e-01
6.601587161156923234e-01
6.190045108761562664e-01
6.170681911975112177e-01
5.768567778694115855e-01
5.736577540233563921e-01
5.471433894378640028e-01
5.351486326828784890e-01
5.038771781405471106e-01
4.995698699912695107e-01
4.762342544266967015e-01
4.708711431026696426e-01
4.428938533853521431e-01
4.251191211448706597e-01
4.114099138484000884e-01
3.964799919297343767e-01
3.710464506868319523e-01
3.636668686547027129e-01
3.364487263325158239e-01
3.351243111618347759e-01
3.077626485361780184e-01
3.037095270404797653e-01
2.771136805278865411e-01
2.687547496075424203e-01
2.484243393816443490e-01
2.479770099773206393e-01
2.187711987780697753e-01
2.168211586519427914e-01
1.982736738022323197e-01
1.958543970452245597e-01
1.706797251008363991e-01
1.681809447301182703e-01
1.501627954375852891e-01
1.478554303034513295e-01
1.258084049819618855e-01
1.094119370920440815e-01
9.709463072647521453e-02
9.700248897776921064e-02
8.185804439126663501e-02
7.987656794641911917e-02
6.480842957180227293e-02
6.111527610694560825e-02
4.536388154283477886e-02
3.917485240168021299e-02
2.475247913383408008e-02
2.194494597463254523e-02
1.046762476473688669e-02
1.012558335219482242e-02
1.924733950724115406e-03
5.603349595221786229e-04
-3.121758876153751198e-03
-8.234376820813134323e-03
-1.697505943511505577e-02
-1.862637563553577041e-02
-4.020458802672100679e-02
-4.038530191751291826e-02
-4.724383198984886956e-02
-5.677740808740238537e-02
-7.148630627604374288e-02
-7.250901028647027680e-02
-8.853486422369123698e-02
-9.074639005323163754e-02
-1.098686356571211414e-01
-1.110397299835897966e-01
-1.339703221607776717e-01
-1.361057710215637651e-01
-1.521636265479205108e-01
-1.524596029646114181e-01
-1.778916855674375075e-01
-1.853712674023552942e-01
