1.064379689282071828e+00
1.061435258207702237e+00
1.026198774723855900e+00
1.023652852890920562e+00
9.867799841176637665e-01
9.795858049432006887e-01
9.438828497362226067e-01
9.366810149287690956e-01
9.003531280078285182e-01
8.995912705110004071e-01
8.602916133313098790e-01
8.579689795367374527e-01
8.109641477539353271e-01
8.097131732512662383e-01
7.733764713976355454e-01
7.624004623729124797e-01
7.310707442058580474e-01
7.141763218325136719e-01
6.931964463901046924e-01
6.902556575151425067e-01
6.460788773611565450e-01
6.401765485338669626e-01
6.071297987315819045e-01
6.040764043723587662e-01
5.781922139509391156e-01
5.752901279873342544e-01
5.505070675267506042e-01
5.406133401011102846e-01
4.984055663428004768e-01
4.951391269359531888e-01
4.641117772098824479e-01
4.576224577971539365e-01
4.322281644047307747e-01
4.294086634949690340e-01
3.957659903373992871e-01
3.956159584200555357e-01
3.664258719047530644e-01
3.644203559800706094e-01
3.386254826515678329e-01
3.341937685664332913e-01
3.083558813305670165e-01
3.025400088483141681e-01
2.790805299791027649e-01
2.674605656446036317e-01
2.480779232249043786e-01
2.480328629181364763e-01
2.175615552290007804e-01
2.146539894277156024e-01
1.995727144227517902e-01
1.936440761219654638e-01
1.679635952065120508e-01
1.658834815883231950e-01
1.432961662077417986e-01
1.423905465884482691e-01
1.277504045143527389e-01
1.143628654902784647e-01
9.967102411154049602e-02
9.880799672198246897e-02
7.742407499162956563e-02
7.650670591176234048e-02
6.460286396832856659e-02
5.353557723797636170e-02
4.442347987493971279e-02
3.874236570813085340e-02
2.863429753827227003e-02
1.781733443762927374e-02
1.514124375982842975e-02
4.601092071058654823e-03
-9.720941406829023193e-05
-2.438994282522362160e-03
-3.869703688477555727e-03
-1.196183750363842037e-02
-1.461097647608399115e-02
-2.392256032376876423e-02
-3.674846671577861046e-02
-4.336976630721542381e-02
-4.765033440285125488e-02
-6.527070607368505584e-02
-6.970139280833434481e-02
-8.436979220661365575e-02
-8.492140316056298599e-02
-9.414485094129629306e-02
-1.190381373914212587e-01
-1.244745346687350929e-01
-1.403881771349493879e-01
-1.426042351458478852e-01
-1.561208516177760020e-01
-1.681684373662991061e-01
-1.831923679698986840e-01
-2.014198499345626336e-01
-2.111775323299815155e-01
-2.165831614544704575e-01
-2.379098593314356858e-01
-2.496876521515725977e-01
-2.497552464967493779e-01
-2.701700988310257734e-01
-2.846406979004294513e-01
-2.965164378136659895e-01
-3.087660857100065215e-01
-3.183140347000024128e-01
-3.306562874684668696e-01
-3.316910984207299684e-01
-3.522410066062778844e-01
-3.642176026965644464e-01
-3.892725772879152557e-01
-3.933020769062331445e-01
-4.059300697295357141e-01
-4.130842953755268776e-01
-4.266311135082898054e-01
-4.352262415649855720e-01
-4.532375047672577706e-01
-4.663280410822662203e-01
-4.748468831206947294e-01
-4.922406547796855936e-01
-5.071118330204760216e-01
-5.167961028451284466e-01
-5.226341649396049061e-01
-5.450192998578142767e-01
-5.579406103366009173e-01
-5.698603558297952176e-01
-5.920275477895399208e-01
-5.934408103150130565e-01
-6.066401939417075395e-01
-6.075415998784482463e-01
-6.274765438450470301e-01
-6.289627383162000873e-01
-6.436325598559363703e-01
-6.496358674041390335e-01
-6.687218754986792302e-01
-6.709894740382412737e-01
-6.922138608845900265e-01
-6.923107398585514050e-01
-7.121751105655813596e-01
-7.138316995883381422e-01
-7.288135098421144598e-01
-7.294050425547570216e-01
-7.457570180332750986e-01
-7.462369797353826106e-01
-7.702453733384645451e-01
-7.734477519158143854e-01
-7.941629308238773444e-01
-7.973672737242930575e-01
-8.010296056306273060e-01
-8.081918108821367630e-01
-8.253377914062753895e-01
-8.262293474855214592e-01
-8.398954725061219539e-01
-8.430583036457065527e-01
-8.525929455740007823e-01
-8.617201931161702078e-01
